tblidx,dwExp,dwNeed_Exp,wStageWin,wStageDraw,wStageLose,wWin,wPerfectWin,wStageWin,wStageDraw,wStageLose,wWin,wPerfectWin,wNormal_Race,wSuperRace,dwMobExp,dwPhyDefenceRef,dwEngDefenceRef,dwMobZenny
1,0,450,9,2,1,1,2,9,2,1,1,3,201,201,50,45,45,5
2,450,1200,9,2,1,1,2,9,2,1,1,3,201,201,60,90,90,10
3,1650,2310,9,2,1,1,2,9,2,1,1,3,201,201,70,135,135,15
4,3960,3760,9,2,1,2,4,9,2,1,2,6,201,201,80,180,180,20
5,7720,5580,9,2,1,2,4,9,2,1,2,6,201,201,90,225,225,25
6,13300,7700,9,2,1,2,4,9,2,1,2,6,203,203,100,270,270,30
7,21000,10120,18,4,2,3,6,18,4,2,3,9,203,203,110,315,315,35
8,31120,13080,18,4,2,3,6,18,4,2,3,9,203,203,120,360,360,40
9,44200,16250,18,4,2,3,6,18,4,2,3,9,203,203,130,405,405,45
10,60450,19880,19,4,2,3,6,19,4,2,3,9,203,203,140,450,450,50
11,80330,23850,19,4,2,3,6,19,4,2,3,9,203,205,150,495,495,55
12,104180,28320,31,7,3,4,8,31,7,3,4,12,205,205,160,540,540,60
13,132500,33150,32,7,3,4,8,32,7,3,4,12,205,205,170,585,585,65
14,165650,38340,32,7,3,4,8,32,7,3,4,12,205,205,180,630,630,70
15,203990,44080,32,7,3,4,8,32,7,3,4,12,205,205,190,675,675,75
16,248070,50000,33,7,3,4,8,33,7,3,4,12,205,207,200,720,720,80
17,298070,56490,45,10,5,5,10,45,10,5,5,15,205,207,210,765,765,85
18,354560,63360,45,10,5,6,12,45,10,5,6,18,207,207,220,810,810,90
19,417920,70840,45,10,5,6,12,45,10,5,6,18,207,207,230,855,855,95
20,488760,78480,45,10,5,6,12,45,10,5,6,18,207,207,240,900,900,100
21,567240,86750,46,10,5,6,12,46,10,5,6,18,207,209,250,945,945,105
22,653990,95420,57,12,6,7,14,57,12,6,7,21,207,209,260,990,990,110
23,749410,104490,58,13,6,7,14,58,13,6,7,21,207,209,270,1035,1035,115
24,853900,113960,58,13,6,7,14,58,13,6,7,21,209,209,280,1080,1080,120
25,967860,124120,58,13,6,7,14,58,13,6,7,21,209,209,290,1125,1125,125
26,1091980,134400,59,13,6,7,14,59,13,6,7,21,209,211,300,1170,1170,130
27,1226380,145390,72,16,8,8,16,72,16,8,8,24,209,211,310,1215,1215,135
28,1371770,156800,72,16,8,8,16,72,16,8,8,24,209,211,320,1260,1260,140
29,1528570,168630,72,16,8,9,18,72,16,8,9,27,209,211,330,1305,1305,145
30,1697200,184280,72,16,8,9,18,72,16,8,9,27,211,211,340,1350,1350,150
31,1881480,200550,87,19,9,10,20,87,19,9,10,30,211,213,350,1395,1395,155
32,2082030,218160,87,19,9,10,20,87,19,9,10,30,211,213,360,1440,1440,160
33,2300190,236800,88,19,9,10,20,88,19,9,10,30,211,213,370,1485,1485,165
34,2536990,256880,88,19,9,10,20,88,19,9,10,30,211,213,380,1530,1530,170
35,2793870,278070,99,22,11,12,24,99,22,11,12,36,211,213,390,1575,1575,175
36,3071940,300800,100,22,11,12,24,100,22,11,12,36,213,215,400,1620,1620,180
37,3372740,324720,100,22,11,12,24,100,22,11,12,36,213,215,410,1665,1665,185
38,3697460,349860,100,22,11,12,24,100,22,11,12,36,213,215,420,1710,1710,190
39,4047320,377110,113,25,12,13,26,113,25,12,13,39,213,215,430,1755,1755,195
40,4424430,405680,114,25,12,13,26,114,25,12,13,39,213,215,440,1800,1800,200
41,4830110,436050,114,25,12,13,26,114,25,12,13,39,213,217,450,1845,1845,205
42,5266160,467820,114,25,12,13,26,114,25,12,13,39,215,217,460,1890,1890,210
43,5733980,501960,129,28,14,15,30,129,28,14,15,45,215,217,470,1935,1935,215
44,6235940,538080,129,28,14,15,30,129,28,14,15,45,215,217,480,1980,1980,220
45,6774020,575750,130,29,14,15,30,130,29,14,15,45,215,217,490,2025,2025,225
46,7349770,616000,130,29,14,15,30,130,29,14,15,45,215,219,500,2070,2070,230
47,7965770,658410,144,32,16,16,32,144,32,16,16,48,215,219,510,2115,2115,235
48,8624180,703560,144,32,16,16,32,144,32,16,16,48,217,219,520,2160,2160,240
49,9327740,751010,144,32,16,17,34,144,32,16,17,51,217,219,530,2205,2205,245
50,10078750,800820,144,32,16,17,34,144,32,16,17,51,217,219,540,2250,2250,250
51,10879570,853600,174,38,19,20,40,174,38,19,20,60,217,221,550,2295,2295,255
52,11733170,909440,174,38,19,20,40,174,38,19,20,60,217,221,560,2340,2340,260
53,12642610,968430,175,39,19,20,40,175,39,19,20,60,217,221,570,2385,2385,265
54,13611040,1030080,179,39,19,20,40,179,39,19,20,60,219,221,580,2430,2430,270
55,14641120,1095630,180,40,20,20,40,180,40,20,20,60,219,221,590,2475,2475,275
56,15736750,1141200,184,41,20,21,42,184,41,20,21,63,219,223,600,2520,2520,280
57,16877950,1187670,185,41,20,21,42,185,41,20,21,63,219,223,610,2565,2565,285
58,18065620,1235660,185,41,20,21,42,185,41,20,21,63,219,223,620,2610,2610,290
59,19301280,1284570,199,44,22,23,46,199,44,22,23,69,219,223,630,2655,2655,295
60,20585850,1334400,199,44,22,23,46,199,44,22,23,69,221,223,640,2700,2700,300
61,21920250,1385150,227,50,25,26,52,227,50,25,26,78,221,225,650,2745,2745,305
62,23305400,1437480,235,52,26,27,54,235,52,26,27,81,221,225,660,2790,2790,310
63,24742880,1490750,244,54,27,28,56,244,54,27,28,84,221,225,670,2835,2835,315
64,26233630,1544960,253,56,28,29,58,253,56,28,29,87,221,225,680,2880,2880,320
65,27778590,1600110,261,58,29,30,60,261,58,29,30,90,221,225,690,2925,2925,325
66,29378700,1656900,271,60,30,31,62,271,60,30,31,93,223,227,700,2970,2970,330
67,31035600,1714650,280,62,31,32,64,280,62,31,32,96,223,227,710,3015,3015,335
68,32750250,1773360,289,64,32,33,66,289,64,32,33,99,223,227,720,3060,3060,340
69,34523610,1833030,299,66,33,34,68,299,66,33,34,102,223,227,730,3105,3105,345
70,36356640,1893660,309,68,34,35,70,309,68,34,35,105,223,227,740,3150,3150,350
71,38250300,1956000,319,71,35,36,72,319,71,35,36,108,223,229,750,3195,3195,355
72,40206300,2019320,330,73,36,37,74,330,73,36,37,111,225,229,760,3240,3240,360
73,42225620,2083620,340,75,37,38,76,340,75,37,38,114,225,229,770,3285,3285,365
74,44309240,2149680,351,78,39,39,78,351,78,39,39,117,225,229,780,3330,3330,370
75,46458920,2215950,361,80,40,41,82,361,80,40,41,123,225,229,790,3375,3375,375
76,48674870,2284000,372,82,41,42,84,372,82,41,42,126,225,231,800,3420,3420,380
77,50958870,2353050,383,85,42,43,86,383,85,42,43,129,225,231,810,3465,3465,385
78,53311920,2423920,395,87,43,44,88,395,87,43,44,132,227,231,820,3510,3510,390
79,55735840,2494980,406,90,45,46,92,406,90,45,46,138,227,231,830,3555,3555,395
80,58230820,2567880,418,93,46,47,94,418,93,46,47,141,227,231,840,3600,3600,400
81,60798700,2641800,430,95,47,48,96,430,95,47,48,144,227,233,850,3645,3645,405
82,63440500,2716740,441,98,49,50,100,441,98,49,50,150,227,233,860,3690,3690,410
83,66157240,2792700,454,101,50,51,102,454,101,50,51,153,227,233,870,3735,3735,415
84,68949940,2870560,467,103,51,52,104,467,103,51,52,156,229,233,880,3780,3780,420
85,71820500,2949460,479,106,53,54,108,479,106,53,54,162,229,233,890,3825,3825,425
86,74769960,3029400,492,109,54,55,110,492,109,54,55,165,229,235,900,3870,3870,430
87,77799360,3110380,505,112,56,57,114,505,112,56,57,171,229,235,910,3915,3915,435
88,80909740,3192400,518,115,57,58,116,518,115,57,58,174,229,235,920,3960,3960,440
89,84102140,3276390,531,118,59,60,120,531,118,59,60,180,229,235,930,4005,4005,445
90,87378530,3360500,545,121,60,61,122,545,121,60,61,183,231,235,940,4050,4050,450
91,90739030,3446600,559,124,62,63,126,559,124,62,63,189,231,237,950,4095,4095,455
92,94185630,3533760,573,127,63,64,128,573,127,63,64,192,231,237,960,4140,4140,460
93,97719390,3622950,587,130,65,66,132,587,130,65,66,198,231,237,970,4185,4185,465
94,101342340,3712240,602,133,66,67,134,602,133,66,67,201,231,237,980,4230,4230,470
95,105054580,3803580,617,137,68,69,138,617,137,68,69,207,231,237,990,4275,4275,475
96,108858160,3896000,631,140,70,71,142,631,140,70,71,213,233,239,1000,4320,4320,480
97,112754160,3989500,647,143,71,72,144,647,143,71,72,216,233,239,1010,4365,4365,485
98,116743660,4084080,662,147,73,74,148,662,147,73,74,222,233,239,1020,4410,4410,490
99,120827740,4180770,677,150,75,76,152,677,150,75,76,228,233,239,1030,4455,4455,495
100,125008510,4277520,693,154,77,77,154,693,154,77,77,231,233,239,1040,4500,4500,500
